 Hexane    S.F.Parker, ISIS, Ref: J. Chem. Phys.,111 (1999) p429-437                                                               
C    (CM-1)         COUNTS           ERROR
   2.029187E+01   1.566107E+00   3.987252E-02
   2.069771E+01   1.537428E+00   3.907971E-02
   2.111166E+01   1.538938E+00   3.864632E-02
   2.153389E+01   1.603178E+00   3.900199E-02
   2.196457E+01   1.642114E+00   3.901374E-02
   2.240386E+01   1.653585E+00   3.871210E-02
   2.285194E+01   1.670654E+00   3.847400E-02
   2.330898E+01   1.686487E+00   3.819810E-02
   2.377516E+01   1.674830E+00   3.763896E-02
   2.425066E+01   1.701520E+00   3.751358E-02
   2.473568E+01   1.707054E+00   3.712855E-02
   2.523039E+01   1.802770E+00   3.772977E-02
   2.573500E+01   1.864931E+00   3.790620E-02
   2.624970E+01   1.831782E+00   3.716043E-02
   2.677469E+01   1.801346E+00   3.643305E-02
   2.731018E+01   1.830886E+00   3.627815E-02
   2.785639E+01   1.908592E+00   3.663639E-02
   2.841352E+01   1.836370E+00   3.549165E-02
   2.898178E+01   2.000361E+00   3.661898E-02
   2.956142E+01   1.941464E+00   3.565328E-02
   3.015265E+01   1.975775E+00   3.553968E-02
   3.075570E+01   2.048352E+00   3.578142E-02
   3.137082E+01   2.057215E+00   3.543975E-02
   3.199823E+01   2.133063E+00   3.568071E-02
   3.263820E+01   2.163727E+00   3.551381E-02
   3.329096E+01   2.198224E+00   3.540102E-02
   3.395678E+01   2.230017E+00   3.522916E-02
   3.463591E+01   2.235441E+00   3.485414E-02
   3.532863E+01   2.261045E+00   3.465172E-02
   3.603521E+01   2.300857E+00   3.455297E-02
   3.675591E+01   2.342350E+00   3.445810E-02
   3.749103E+01   2.391838E+00   3.439631E-02
   3.824085E+01   2.457384E+00   3.448372E-02
   3.900566E+01   2.454518E+00   3.403289E-02
   3.978578E+01   2.521977E+00   3.412535E-02
   4.058149E+01   2.492681E+00   3.354013E-02
   4.139312E+01   2.673158E+00   3.435258E-02
   4.222099E+01   2.603320E+00   3.351638E-02
   4.306541E+01   2.590024E+00   3.305162E-02
   4.392672E+01   2.688203E+00   3.331864E-02
   4.480525E+01   2.782060E+00   3.351374E-02
   4.570136E+01   2.822464E+00   3.338682E-02
   4.661539E+01   2.916022E+00   3.356544E-02
   4.754770E+01   3.070379E+00   3.407104E-02
   4.849865E+01   3.140237E+00   3.405247E-02
   4.946862E+01   3.233415E+00   3.417039E-02
   5.045800E+01   3.276185E+00   3.401088E-02
   5.146716E+01   3.330435E+00   3.391168E-02
   5.249650E+01   3.299507E+00   3.335590E-02
   5.354643E+01   3.344192E+00   3.319510E-02
   5.461736E+01   3.295856E+00   3.257141E-02
   5.570971E+01   3.330469E+00   3.236091E-02
   5.682390E+01   3.347389E+00   3.207153E-02
   5.796038E+01   3.331421E+00   3.163552E-02
   5.911958E+01   3.369813E+00   3.144224E-02
   6.030198E+01   3.281131E+00   3.067369E-02
   6.150801E+01   3.241019E+00   3.013644E-02
   6.273817E+01   3.227063E+00   2.972049E-02
   6.399294E+01   3.294667E+00   2.968190E-02
   6.527280E+01   3.347215E+00   2.957572E-02
   6.657825E+01   3.514334E+00   2.997456E-02
   6.790982E+01   3.677275E+00   3.030900E-02
   6.926802E+01   3.794084E+00   3.044311E-02
   7.065338E+01   3.859650E+00   3.038574E-02
   7.206645E+01   3.786813E+00   2.980014E-02
   7.350778E+01   3.684818E+00   2.911248E-02
   7.497794E+01   3.382835E+00   2.762108E-02
   7.647749E+01   3.141460E+00   2.635848E-02
   7.800704E+01   2.809030E+00   2.466012E-02
   7.956718E+01   2.545860E+00   2.322281E-02
   8.115853E+01   2.352120E+00   2.208686E-02
   8.278170E+01   2.326682E+00   2.172994E-02
   8.443733E+01   2.320871E+00   2.145832E-02
   8.612608E+01   2.342683E+00   2.131590E-02
   8.784859E+01   2.436281E+00   2.150209E-02
   8.960557E+01   2.495948E+00   2.152349E-02
   9.139768E+01   2.676186E+00   2.204547E-02
   9.322564E+01   2.726054E+00   2.200845E-02
   9.509015E+01   2.576524E+00   2.116609E-02
   9.699195E+01   2.470317E+00   2.050268E-02
   9.893179E+01   2.451373E+00   2.020615E-02
   1.009104E+02   2.598227E+00   2.057912E-02
   1.029286E+02   2.954587E+00   2.171669E-02
   1.049872E+02   2.911868E+00   2.133286E-02
   1.070870E+02   2.567250E+00   1.982450E-02
   1.092287E+02   2.299001E+00   1.856841E-02
   1.114133E+02   2.157277E+00   1.780149E-02
   1.136415E+02   2.137275E+00   1.753819E-02
   1.159144E+02   2.188978E+00   1.756859E-02
   1.182327E+02   2.367656E+00   2.092136E-02
   1.200000E+02   2.538961E+00   3.717723E-02
   1.206000E+02   2.650649E+00   3.789156E-02
   1.212030E+02   2.831800E+00   3.907032E-02
   1.218090E+02   2.989806E+00   4.004770E-02
   1.224181E+02   3.096313E+00   4.065686E-02
   1.230302E+02   3.179712E+00   4.109606E-02
   1.236453E+02   3.166250E+00   4.090399E-02
   1.242635E+02   3.114254E+00   4.047274E-02
   1.248848E+02   3.012029E+00   3.970516E-02
   1.255093E+02   2.882723E+00   3.874651E-02
   1.261368E+02   2.870692E+00   3.856584E-02
   1.267675E+02   2.779832E+00   3.785595E-02
   1.274013E+02   2.701223E+00   3.722902E-02
   1.280383E+02   2.729071E+00   3.732479E-02
   1.286785E+02   2.725082E+00   3.720585E-02
   1.293219E+02   2.725519E+00   3.712200E-02
   1.299685E+02   2.754990E+00   3.722714E-02
   1.306184E+02   2.862954E+00   3.785326E-02
   1.312715E+02   2.921660E+00   3.814521E-02
   1.319278E+02   2.976777E+00   3.840911E-02
   1.325875E+02   3.015193E+00   3.856198E-02
   1.332504E+02   3.071041E+00   3.882099E-02
   1.339166E+02   3.136990E+00   3.913666E-02
   1.345862E+02   3.180197E+00   3.931025E-02
   1.352592E+02   3.224633E+00   3.948612E-02
   1.359355E+02   3.344057E+00   4.010946E-02
   1.366151E+02   3.455439E+00   4.067426E-02
   1.372982E+02   3.497354E+00   4.081966E-02
   1.379847E+02   3.623707E+00   4.144748E-02
   1.386746E+02   3.800219E+00   4.234026E-02
   1.393680E+02   3.884053E+00   4.270301E-02
   1.400648E+02   3.881702E+00   4.258648E-02
   1.407652E+02   3.879239E+00   4.246708E-02
   1.414690E+02   3.836414E+00   4.212836E-02
   1.421763E+02   3.862371E+00   4.216656E-02
   1.428872E+02   3.799117E+00   4.171715E-02
   1.436016E+02   3.728458E+00   4.122809E-02
   1.443196E+02   3.662694E+00   4.076257E-02
   1.450412E+02   3.612830E+00   4.039092E-02
   1.457664E+02   3.624636E+00   4.036057E-02
   1.464953E+02   3.596720E+00   4.010809E-02
   1.472278E+02   3.542970E+00   3.971440E-02
   1.479639E+02   3.511890E+00   3.944835E-02
   1.487037E+02   3.458490E+00   3.905221E-02
   1.494473E+02   3.430319E+00   3.880212E-02
   1.501945E+02   3.437123E+00   3.875375E-02
   1.509455E+02   3.341350E+00   3.812465E-02
   1.517002E+02   3.232151E+00   3.741083E-02
   1.524587E+02   3.241081E+00   3.738163E-02
   1.532210E+02   3.174398E+00   3.691285E-02
   1.539871E+02   3.100212E+00   3.640020E-02
   1.547570E+02   2.960338E+00   3.549487E-02
   1.555308E+02   2.827949E+00   3.461999E-02
   1.563085E+02   2.643631E+00   3.340058E-02
   1.570900E+02   2.401713E+00   3.176802E-02
   1.578754E+02   2.158950E+00   3.005498E-02
   1.586648E+02   1.954887E+00   2.853927E-02
   1.594581E+02   1.828800E+00   2.754903E-02
   1.602554E+02   1.714477E+00   2.662129E-02
   1.610567E+02   1.598676E+00   2.565593E-02
   1.618620E+02   1.535726E+00   2.509640E-02
   1.626713E+02   1.533981E+00   2.503407E-02
   1.634847E+02   1.542089E+00   2.505078E-02
   1.643021E+02   1.507326E+00   2.471832E-02
   1.651236E+02   1.482019E+00   2.446232E-02
   1.659492E+02   1.493657E+00   2.451087E-02
   1.667790E+02   1.485310E+00   2.439244E-02
   1.676129E+02   1.484812E+00   2.434041E-02
   1.684509E+02   1.521293E+00   2.458716E-02
   1.692932E+02   1.567197E+00   2.490444E-02
   1.701396E+02   1.611751E+00   2.520473E-02
   1.709903E+02   1.674544E+00   2.563887E-02
   1.718453E+02   1.789952E+00   2.645279E-02
   1.727045E+02   1.941473E+00   2.749282E-02
   1.735680E+02   2.088750E+00   2.845789E-02
   1.744359E+02   2.268741E+00   2.959687E-02
   1.753081E+02   2.404113E+00   3.040391E-02
   1.761846E+02   2.498858E+00   3.093280E-02
   1.770655E+02   2.569418E+00   3.130160E-02
   1.779509E+02   2.597738E+00   3.140965E-02
   1.788406E+02   2.562607E+00   3.113101E-02
   1.797348E+02   2.554807E+00   3.101758E-02
   1.806335E+02   2.527072E+00   3.078396E-02
   1.815367E+02   2.592947E+00   3.111881E-02
   1.824443E+02   2.664284E+00   3.148000E-02
   1.833566E+02   2.712098E+00   3.169335E-02
   1.842733E+02   2.764527E+00   3.193112E-02
   1.851947E+02   2.705486E+00   3.152373E-02
   1.861207E+02   2.624418E+00   3.098362E-02
   1.870513E+02   2.482031E+00   3.006985E-02
   1.879865E+02   2.331037E+00   2.908014E-02
   1.889265E+02   2.146322E+00   2.784574E-02
   1.898711E+02   1.979344E+00   2.668537E-02
   1.908204E+02   1.825664E+00   2.557709E-02
   1.917746E+02   1.714881E+00   2.473875E-02
   1.927334E+02   1.646978E+00   2.419551E-02
   1.936971E+02   1.629015E+00   2.401554E-02
   1.946656E+02   1.593194E+00   2.370255E-02
   1.956389E+02   1.555095E+00   2.337261E-02
   1.966171E+02   1.559866E+00   2.336383E-02
   1.976002E+02   1.545136E+00   2.320915E-02
   1.985882E+02   1.555566E+00   2.324446E-02
   1.995811E+02   1.531118E+00   2.301865E-02
   2.005790E+02   1.495944E+00   2.271266E-02
   2.015819E+02   1.504130E+00   2.273444E-02
   2.025898E+02   1.523933E+00   2.284316E-02
   2.036028E+02   1.511701E+00   2.271263E-02
   2.046208E+02   1.502415E+00   2.260363E-02
   2.056439E+02   1.479026E+00   2.238885E-02
   2.066721E+02   1.493470E+00   2.245928E-02
   2.077055E+02   1.492107E+00   2.241105E-02
   2.087440E+02   1.509180E+00   2.250043E-02
   2.097877E+02   1.487678E+00   2.230055E-02
   2.108367E+02   1.471343E+00   2.213878E-02
   2.118909E+02   1.465621E+00   2.205822E-02
   2.129503E+02   1.472404E+00   2.207109E-02
   2.140151E+02   1.474120E+00   2.204517E-02
   2.150851E+02   1.436052E+00   2.172055E-02
   2.161606E+02   1.470196E+00   2.193864E-02
   2.172413E+02   1.486156E+00   2.201874E-02
   2.183276E+02   1.482262E+00   2.195162E-02
   2.194192E+02   1.470143E+00   2.182376E-02
   2.205163E+02   1.465947E+00   2.175429E-02
   2.216189E+02   1.448186E+00   2.158466E-02
   2.227270E+02   1.469453E+00   2.170470E-02
   2.238406E+02   1.458343E+00   2.158542E-02
   2.249598E+02   1.461247E+00   2.157057E-02
   2.260846E+02   1.484633E+00   2.170613E-02
   2.272150E+02   1.495931E+00   2.175311E-02
   2.283511E+02   1.538699E+00   2.202761E-02
   2.294929E+02   1.585216E+00   2.232341E-02
   2.306403E+02   1.624974E+00   2.256835E-02
   2.317935E+02   1.731858E+00   2.326594E-02
   2.329525E+02   1.830421E+00   2.388526E-02
   2.341172E+02   1.935397E+00   2.452689E-02
   2.352878E+02   2.121439E+00   2.564431E-02
   2.364643E+02   2.327585E+00   2.682496E-02
   2.376466E+02   2.505637E+00   2.779337E-02
   2.388348E+02   2.685565E+00   2.873337E-02
   2.400290E+02   2.839335E+00   2.950189E-02
   2.412292E+02   2.924892E+00   2.990050E-02
   2.424353E+02   3.088786E+00   3.068108E-02
   2.436475E+02   3.211100E+00   3.123470E-02
   2.448657E+02   3.264007E+00   3.144262E-02
   2.460900E+02   3.270756E+00   3.142860E-02
   2.473205E+02   3.233723E+00   3.120346E-02
   2.485571E+02   3.178163E+00   3.088771E-02
   2.497999E+02   3.130496E+00   3.060927E-02
   2.510489E+02   3.040684E+00   3.012263E-02
   2.523041E+02   2.978837E+00   2.977214E-02
   2.535656E+02   3.013020E+00   2.990009E-02
   2.548335E+02   3.104421E+00   3.030718E-02
   2.561076E+02   3.187055E+00   3.066546E-02
   2.573882E+02   3.257268E+00   3.095877E-02
   2.586751E+02   3.194520E+00   3.061555E-02
   2.599685E+02   3.030765E+00   2.977886E-02
   2.612683E+02   2.777351E+00   2.846760E-02
   2.625746E+02   2.458486E+00   2.674805E-02
   2.638875E+02   2.113678E+00   2.476871E-02
   2.652069E+02   1.814531E+00   2.291942E-02
   2.665330E+02   1.634454E+00   2.172500E-02
   2.678657E+02   1.539183E+00   2.105515E-02
   2.692050E+02   1.487620E+00   2.067378E-02
   2.705510E+02   1.473966E+00   2.055369E-02
   2.719038E+02   1.463638E+00   2.045649E-02
   2.732633E+02   1.458090E+00   2.039309E-02
   2.746296E+02   1.454430E+00   2.034270E-02
   2.760027E+02   1.466212E+00   2.040058E-02
   2.773828E+02   1.484325E+00   2.050221E-02
   2.787697E+02   1.473021E+00   2.040039E-02
   2.801635E+02   1.457233E+00   2.026851E-02
   2.815643E+02   1.464837E+00   2.029833E-02
   2.829722E+02   1.448819E+00   2.016433E-02
   2.843870E+02   1.458739E+00   2.021071E-02
   2.858090E+02   1.485091E+00   2.036984E-02
   2.872380E+02   1.517040E+00   2.056509E-02
   2.886742E+02   1.534904E+00   2.066412E-02
   2.901176E+02   1.553190E+00   2.076392E-02
   2.915681E+02   1.584163E+00   2.094677E-02
   2.930260E+02   1.610819E+00   2.110017E-02
   2.944911E+02   1.671569E+00   2.147285E-02
   2.959636E+02   1.773649E+00   2.209644E-02
   2.974434E+02   1.862265E+00   2.261993E-02
   2.989306E+02   1.975600E+00   2.327530E-02
   3.004253E+02   2.104919E+00   2.400138E-02
   3.019274E+02   2.219102E+00   2.461844E-02
   3.034370E+02   2.242062E+00   2.472180E-02
   3.049542E+02   2.237220E+00   2.467206E-02
   3.064790E+02   2.176008E+00   2.431247E-02
   3.080114E+02   2.077735E+00   2.373705E-02
   3.095515E+02   1.915644E+00   2.277441E-02
   3.110992E+02   1.777432E+00   2.192181E-02
   3.126548E+02   1.650239E+00   2.110773E-02
   3.142180E+02   1.557737E+00   2.049446E-02
   3.157891E+02   1.534264E+00   2.032556E-02
   3.173680E+02   1.504407E+00   2.011232E-02
   3.189549E+02   1.479010E+00   1.992763E-02
   3.205497E+02   1.461860E+00   1.979768E-02
   3.221524E+02   1.462219E+00   1.978636E-02
   3.237632E+02   1.446398E+00   1.966361E-02
   3.253820E+02   1.427610E+00   1.952118E-02
   3.270089E+02   1.440861E+00   1.959714E-02
   3.286440E+02   1.430947E+00   1.951493E-02
   3.302872E+02   1.413834E+00   1.938360E-02
   3.319386E+02   1.379494E+00   1.913347E-02
   3.335983E+02   1.378794E+00   1.911521E-02
   3.352663E+02   1.366447E+00   1.901539E-02
   3.369426E+02   1.324510E+00   1.870875E-02
   3.386273E+02   1.300412E+00   1.852609E-02
   3.403205E+02   1.287927E+00   1.842489E-02
   3.420221E+02   1.279862E+00   1.835658E-02
   3.437322E+02   1.300846E+00   1.849496E-02
   3.454509E+02   1.283313E+00   1.835858E-02
   3.471781E+02   1.281326E+00   1.833412E-02
   3.489140E+02   1.309713E+00   1.852463E-02
   3.506586E+02   1.302298E+00   1.846155E-02
   3.524119E+02   1.316407E+00   1.855218E-02
   3.541740E+02   1.327976E+00   1.862433E-02
   3.559448E+02   1.352295E+00   1.878589E-02
   3.577245E+02   1.403304E+00   1.912927E-02
   3.595132E+02   1.450858E+00   1.944260E-02
   3.613108E+02   1.503871E+00   1.978597E-02
   3.631173E+02   1.590063E+00   2.033786E-02
   3.649329E+02   1.685895E+00   2.093350E-02
   3.667576E+02   1.758121E+00   2.136848E-02
   3.685914E+02   1.842683E+00   2.186764E-02
   3.704343E+02   1.840248E+00   2.184372E-02
   3.722865E+02   1.718245E+00   2.109894E-02
   3.741479E+02   1.609234E+00   2.041204E-02
   3.760186E+02   1.513592E+00   1.979010E-02
   3.778987E+02   1.412680E+00   1.911411E-02
   3.797882E+02   1.358075E+00   1.873487E-02
   3.816872E+02   1.333609E+00   1.856063E-02
   3.835956E+02   1.354549E+00   1.870047E-02
   3.855136E+02   1.336399E+00   1.856894E-02
   3.874412E+02   1.313782E+00   1.840647E-02
   3.893784E+02   1.332988E+00   1.853686E-02
   3.913253E+02   1.330619E+00   1.851671E-02
   3.932819E+02   1.299635E+00   1.829814E-02
   3.952483E+02   1.292216E+00   1.824386E-02
   3.972245E+02   1.281124E+00   1.816417E-02
   3.992107E+02   1.268931E+00   1.807730E-02
   4.012067E+02   1.244813E+00   1.790444E-02
   4.032128E+02   1.224937E+00   1.775891E-02
   4.052288E+02   1.203797E+00   1.760307E-02
   4.072550E+02   1.187612E+00   1.748330E-02
   4.092913E+02   1.174230E+00   1.738488E-02
   4.113377E+02   1.163133E+00   1.730171E-02
   4.133944E+02   1.140983E+00   1.713518E-02
   4.154614E+02   1.114089E+00   1.693107E-02
   4.175387E+02   1.120267E+00   1.697736E-02
   4.196264E+02   1.123130E+00   1.699945E-02
   4.217245E+02   1.114614E+00   1.693524E-02
   4.238332E+02   1.131241E+00   1.706040E-02
   4.259523E+02   1.112111E+00   1.691633E-02
   4.280821E+02   1.107565E+00   1.688431E-02
   4.302225E+02   1.129742E+00   1.705501E-02
   4.323736E+02   1.156549E+00   1.725792E-02
   4.345355E+02   1.144045E+00   1.716753E-02
   4.367082E+02   1.139813E+00   1.713924E-02
   4.388917E+02   1.126501E+00   1.704206E-02
   4.410862E+02   1.114374E+00   1.695445E-02
   4.432916E+02   1.131222E+00   1.708447E-02
   4.455081E+02   1.127792E+00   1.706242E-02
   4.477356E+02   1.132907E+00   1.710600E-02
   4.499743E+02   1.140260E+00   1.716682E-02
   4.522242E+02   1.154407E+00   1.727852E-02
   4.544853E+02   1.187624E+00   1.753086E-02
   4.567577E+02   1.253803E+00   1.801863E-02
   4.590415E+02   1.352844E+00   1.872192E-02
   4.613367E+02   1.456378E+00   1.943150E-02
   4.636433E+02   1.533897E+00   1.995021E-02
   4.659615E+02   1.565594E+00   2.016336E-02
   4.682914E+02   1.509284E+00   1.980530E-02
   4.706328E+02   1.370111E+00   1.888026E-02
   4.729860E+02   1.207561E+00   1.773676E-02
   4.753509E+02   1.142789E+00   1.726447E-02
   4.777276E+02   1.139231E+00   1.724782E-02
   4.801163E+02   1.131742E+00   1.720115E-02
   4.825168E+02   1.134481E+00   1.723154E-02
   4.849294E+02   1.147197E+00   1.733837E-02
   4.873541E+02   1.143381E+00   1.731893E-02
   4.897909E+02   1.117031E+00   1.712807E-02
   4.922398E+02   1.093712E+00   1.695655E-02
   4.947010E+02   1.070342E+00   1.678532E-02
   4.971745E+02   1.070416E+00   1.679614E-02
   4.996604E+02   1.044662E+00   1.660383E-02
   5.021587E+02   1.041829E+00   1.659131E-02
   5.046695E+02   1.004230E+00   1.630183E-02
   5.071928E+02   1.021186E+00   1.645031E-02
   5.097288E+02   1.029988E+00   1.653172E-02
   5.122774E+02   1.008428E+00   1.637009E-02
   5.148388E+02   1.008079E+00   1.638012E-02
   5.174130E+02   9.881717E-01   1.623344E-02
   5.200001E+02   9.661681E-01   1.606541E-02
   5.226000E+02   9.478245E-01   1.592714E-02
   5.252130E+02   9.506631E-01   1.596511E-02
   5.278391E+02   9.459485E-01   1.593879E-02
   5.304783E+02   9.480240E-01   1.597093E-02
   5.331307E+02   9.548970E-01   1.604236E-02
   5.357963E+02   9.480441E-01   1.599967E-02
   5.384753E+02   9.436872E-01   1.597986E-02
   5.411677E+02   9.464739E-01   1.601934E-02
   5.438735E+02   9.401589E-01   1.598193E-02
   5.465928E+02   9.358057E-01   1.596292E-02
   5.493258E+02   9.416167E-01   1.603123E-02
   5.520724E+02   9.414301E-01   1.604603E-02
   5.548328E+02   9.245781E-01   1.591819E-02
   5.576070E+02   9.161719E-01   1.586278E-02
   5.603950E+02   8.988677E-01   1.572962E-02
   5.631970E+02   8.889963E-01   1.566012E-02
   5.660130E+02   8.809962E-01   1.560668E-02
   5.688431E+02   8.557960E-01   1.539906E-02
   5.716873E+02   8.615690E-01   1.546696E-02
   5.745458E+02   8.384836E-01   1.527605E-02
   5.774185E+02   8.267180E-01   1.518865E-02
   5.803056E+02   8.378713E-01   1.530809E-02
   5.832072E+02   8.073144E-01   1.504548E-02
   5.861232E+02   8.127577E-01   1.511494E-02
   5.890538E+02   8.298278E-01   1.529093E-02
   5.919990E+02   8.278806E-01   1.529171E-02
   5.949590E+02   8.122956E-01   1.516490E-02
   5.979338E+02   7.957388E-01   1.502900E-02
   6.009235E+02   8.029319E-01   1.511699E-02
   6.039282E+02   8.135161E-01   1.523765E-02
   6.069478E+02   8.213776E-01   1.533305E-02
   6.099825E+02   8.284158E-01   1.542060E-02
   6.130325E+02   8.277667E-01   1.543645E-02
   6.160977E+02   8.137238E-01   1.532598E-02
   6.191782E+02   8.020281E-01   1.523693E-02
   6.222740E+02   7.981604E-01   1.522202E-02
   6.253854E+02   7.837504E-01   1.510548E-02
   6.285124E+02   7.840642E-01   1.513202E-02
   6.316550E+02   7.862498E-01   1.517615E-02
   6.348132E+02   7.720422E-01   1.506306E-02
   6.379873E+02   7.711588E-01   1.507580E-02
   6.411772E+02   7.526568E-01   1.491734E-02
   6.443831E+02   7.463131E-01   1.487694E-02
   6.476050E+02   7.290288E-01   1.472716E-02
   6.508431E+02   7.268123E-01   1.472882E-02
   6.540973E+02   7.222983E-01   1.470670E-02
   6.573678E+02   7.212611E-01   1.471984E-02
   6.606547E+02   7.211735E-01   1.474450E-02
   6.639579E+02   7.137371E-01   1.469278E-02
   6.672777E+02   7.213918E-01   1.479510E-02
   6.706141E+02   7.327214E-01   1.493574E-02
   6.739672E+02   7.324547E-01   1.495677E-02
   6.773370E+02   7.211912E-01   1.486801E-02
   6.807236E+02   7.348483E-01   1.503441E-02
   6.841273E+02   7.262558E-01   1.497253E-02
   6.875479E+02   7.156790E-01   1.489091E-02
   6.909857E+02   7.415759E-01   1.518442E-02
   6.944406E+02   7.539803E-01   1.533874E-02
   6.979128E+02   7.871817E-01   1.569906E-02
   7.014024E+02   8.069808E-01   1.592459E-02
   7.049094E+02   8.415309E-01   1.629101E-02
   7.084340E+02   8.836202E-01   1.672406E-02
   7.119761E+02   9.670324E-01   1.753016E-02
   7.155360E+02   1.070342E+00   1.847748E-02
   7.191137E+02   1.177408E+00   1.941521E-02
   7.227093E+02   1.291340E+00   2.037358E-02
   7.263228E+02   1.394130E+00   2.120733E-02
   7.299544E+02   1.410610E+00   2.137337E-02
   7.336042E+02   1.404394E+00   2.136749E-02
   7.372722E+02   1.378029E+00   2.120586E-02
   7.409586E+02   1.333048E+00   2.089509E-02
   7.446633E+02   1.240411E+00   2.019356E-02
   7.483867E+02   1.101986E+00   1.906974E-02
   7.521286E+02   9.455400E-01   1.770141E-02
   7.558892E+02   8.494470E-01   1.681211E-02
   7.596686E+02   8.226127E-01   1.657944E-02
   7.634670E+02   8.649518E-01   1.703585E-02
   7.672843E+02   9.071830E-01   1.748288E-02
   7.711207E+02   9.111167E-01   1.755683E-02
   7.749763E+02   9.342988E-01   1.781451E-02
   7.788512E+02   9.728066E-01   1.821586E-02
   7.827454E+02   1.012489E+00   1.862307E-02
   7.866592E+02   1.048154E+00   1.898954E-02
   7.905925E+02   1.128979E+00   1.974993E-02
   7.945454E+02   1.235284E+00   2.069935E-02
   7.985181E+02   1.287807E+00   2.117920E-02
   8.025107E+02   1.319509E+00   2.148275E-02
   8.065233E+02   1.250630E+00   2.095464E-02
   8.105559E+02   1.070711E+00   1.943205E-02
   8.146087E+02   9.478619E-01   1.832319E-02
   8.186818E+02   8.682230E-01   1.757900E-02
   8.227751E+02   8.626786E-01   1.756045E-02
   8.268890E+02   8.646120E-01   1.761725E-02
   8.310235E+02   8.728728E-01   1.773919E-02
   8.351786E+02   8.875035E-01   1.792782E-02
   8.393545E+02   9.189891E-01   1.828186E-02
   8.435513E+02   9.270380E-01   1.840082E-02
   8.477690E+02   9.371117E-01   1.854261E-02
   8.520079E+02   9.797288E-01   1.899781E-02
   8.562679E+02   9.900239E-01   1.913745E-02
   8.605492E+02   1.004298E+00   1.931932E-02
   8.648519E+02   1.038207E+00   1.968459E-02
   8.691762E+02   1.064290E+00   1.997676E-02
   8.735221E+02   1.119639E+00   2.053698E-02
   8.778897E+02   1.178605E+00   2.112240E-02
   8.822792E+02   1.308585E+00   2.231312E-02
   8.866906E+02   1.454473E+00   2.357634E-02
   8.911240E+02   1.489808E+00   2.391038E-02
   8.955797E+02   1.519575E+00   2.419810E-02
   9.000576E+02   1.469135E+00   2.384523E-02
   9.045579E+02   1.320455E+00   2.265867E-02
   9.090806E+02   1.141178E+00   2.111228E-02
   9.136260E+02   9.977185E-01   1.978579E-02
   9.181942E+02   9.529532E-01   1.938054E-02
   9.227851E+02   9.741167E-01   1.963795E-02
   9.273990E+02   9.925337E-01   1.986868E-02
   9.320361E+02   1.008752E+00   2.007878E-02
   9.366962E+02   1.016920E+00   2.020397E-02
   9.413797E+02   1.015311E+00   2.023044E-02
   9.460866E+02   1.023002E+00   2.035236E-02
   9.508170E+02   1.023810E+00   2.040993E-02
   9.555711E+02   1.037629E+00   2.059606E-02
   9.603489E+02   1.054136E+00   2.080830E-02
   9.651507E+02   1.046944E+00   2.078333E-02
   9.699764E+02   1.029955E+00   2.065997E-02
   9.748263E+02   1.067130E+00   2.107836E-02
   9.797004E+02   1.129725E+00   2.173746E-02
   9.845989E+02   1.163899E+00   2.211565E-02
   9.895219E+02   1.197478E+00   2.248333E-02
   9.944695E+02   1.232645E+00   2.286281E-02
   9.994419E+02   1.250537E+00   2.307890E-02
   1.004439E+03   1.180463E+00   2.247335E-02
   1.009461E+03   1.124500E+00   2.198953E-02
   1.014509E+03   1.118703E+00   2.198013E-02
   1.019581E+03   1.082658E+00   2.167027E-02
   1.024679E+03   1.101852E+00   2.190933E-02
   1.029802E+03   1.121565E+00   2.215741E-02
   1.034952E+03   1.145074E+00   2.244115E-02
   1.040126E+03   1.182144E+00   2.285227E-02
   1.045327E+03   1.230681E+00   2.336830E-02
   1.050554E+03   1.229787E+00   2.341522E-02
   1.055807E+03   1.214848E+00   2.332362E-02
   1.061086E+03   1.217102E+00   2.339628E-02
   1.066391E+03   1.211641E+00   2.339513E-02
   1.071723E+03   1.178808E+00   2.312975E-02
   1.077082E+03   1.108927E+00   2.248652E-02
   1.082467E+03   1.012159E+00   2.153514E-02
   1.087879E+03   9.755835E-01   2.119177E-02
   1.093319E+03   9.776545E-01   2.126325E-02
   1.098785E+03   9.832562E-01   2.137039E-02
   1.104279E+03   9.945329E-01   2.153861E-02
   1.109801E+03   1.004061E+00   2.168776E-02
   1.115349E+03   1.011228E+00   2.181579E-02
   1.120926E+03   1.045979E+00   2.223792E-02
   1.126531E+03   1.049716E+00   2.232986E-02
   1.132164E+03   1.054738E+00   2.243248E-02
   1.137824E+03   1.059652E+00   2.253595E-02
   1.143513E+03   1.097117E+00   2.297867E-02
   1.149231E+03   1.088479E+00   2.293446E-02
   1.154977E+03   1.067915E+00   2.276615E-02
   1.160752E+03   1.029989E+00   2.240785E-02
   1.166556E+03   1.004842E+00   2.218263E-02
   1.172389E+03   1.018435E+00   2.237951E-02
   1.178250E+03   1.057710E+00   2.285409E-02
   1.184142E+03   1.072348E+00   2.306039E-02
   1.190062E+03   1.069769E+00   2.307893E-02
   1.196013E+03   1.052796E+00   2.294507E-02
   1.201993E+03   1.057920E+00   2.305029E-02
   1.208003E+03   1.063452E+00   2.315966E-02
   1.214043E+03   1.085330E+00   2.344676E-02
   1.220113E+03   1.109690E+00   2.375797E-02
   1.226214E+03   1.139235E+00   2.412062E-02
   1.232345E+03   1.174918E+00   2.454653E-02
   1.238506E+03   1.183462E+00   2.468613E-02
   1.244699E+03   1.179149E+00   2.468984E-02
   1.250922E+03   1.189013E+00   2.484487E-02
   1.257177E+03   1.220762E+00   2.522607E-02
   1.263463E+03   1.218506E+00   2.525497E-02
   1.269780E+03   1.244364E+00   2.557356E-02
   1.276129E+03   1.302182E+00   2.621633E-02
   1.282510E+03   1.360090E+00   2.684419E-02
   1.288922E+03   1.363702E+00   2.693577E-02
   1.295367E+03   1.417457E+00   2.751603E-02
   1.301844E+03   1.445881E+00   2.784675E-02
   1.308353E+03   1.483975E+00   2.826700E-02
   1.314895E+03   1.463973E+00   2.812495E-02
   1.321469E+03   1.321092E+00   2.676898E-02
   1.328077E+03   1.242825E+00   2.602180E-02
   1.334717E+03   1.262008E+00   2.627251E-02
   1.341391E+03   1.286993E+00   2.658259E-02
   1.348097E+03   1.329381E+00   2.707136E-02
   1.354838E+03   1.395309E+00   2.778826E-02
   1.361612E+03   1.450695E+00   2.838884E-02
   1.368420E+03   1.495248E+00   2.887143E-02
   1.375262E+03   1.463193E+00   2.860570E-02
   1.382139E+03   1.406492E+00   2.809880E-02
   1.389049E+03   1.389604E+00   2.798476E-02
   1.395994E+03   1.341696E+00   2.755176E-02
   1.402974E+03   1.326630E+00   2.744549E-02
   1.409989E+03   1.325405E+00   2.748095E-02
   1.417039E+03   1.344359E+00   2.773029E-02
   1.424124E+03   1.437137E+00   2.871647E-02
   1.431245E+03   1.482613E+00   2.921747E-02
   1.438401E+03   1.518549E+00   2.962747E-02
   1.445593E+03   1.554356E+00   3.003551E-02
   1.452821E+03   1.604117E+00   3.056364E-02
   1.460085E+03   1.583316E+00   3.041795E-02
   1.467386E+03   1.581180E+00   3.045118E-02
   1.474723E+03   1.538821E+00   3.009740E-02
   1.482096E+03   1.504233E+00   2.980752E-02
   1.489507E+03   1.449353E+00   2.930808E-02
   1.496954E+03   1.419600E+00   2.905287E-02
   1.504439E+03   1.375075E+00   2.863723E-02
   1.511961E+03   1.361437E+00   2.853918E-02
   1.519521E+03   1.380703E+00   2.879053E-02
   1.527119E+03   1.401933E+00   2.906073E-02
   1.534755E+03   1.392937E+00   2.901315E-02
   1.542428E+03   1.360100E+00   2.871717E-02
   1.550141E+03   1.330915E+00   2.846072E-02
   1.557891E+03   1.321972E+00   2.841508E-02
   1.565681E+03   1.299772E+00   2.822111E-02
   1.573509E+03   1.319439E+00   2.847290E-02
   1.581377E+03   1.277415E+00   2.806159E-02
   1.589283E+03   1.260024E+00   2.791915E-02
   1.597230E+03   1.275918E+00   2.813701E-02
   1.605216E+03   1.296770E+00   2.840770E-02
   1.613242E+03   1.316145E+00   2.866484E-02
   1.621308E+03   1.296836E+00   2.850123E-02
   1.629415E+03   1.288530E+00   2.845599E-02
   1.637562E+03   1.275221E+00   2.835089E-02
   1.645750E+03   1.225636E+00   2.783843E-02
   1.653979E+03   1.233113E+00   2.796121E-02
   1.662249E+03   1.211844E+00   2.775997E-02
   1.670560E+03   1.204140E+00   2.771244E-02
   1.678913E+03   1.224860E+00   2.799154E-02
   1.687307E+03   1.250329E+00   2.832215E-02
   1.695744E+03   1.220169E+00   2.802347E-02
   1.704222E+03   1.215696E+00   2.801695E-02
   1.712744E+03   1.205432E+00   2.793544E-02
   1.721307E+03   1.171787E+00   2.757856E-02
   1.729914E+03   1.191942E+00   2.785501E-02
   1.738563E+03   1.208320E+00   2.808671E-02
   1.747256E+03   1.173748E+00   2.772220E-02
   1.755993E+03   1.177320E+00   2.780139E-02
   1.764772E+03   1.152307E+00   2.754279E-02
   1.773596E+03   1.133570E+00   2.735937E-02
   1.782464E+03   1.157527E+00   2.768470E-02
   1.791377E+03   1.148901E+00   2.761971E-02
   1.800334E+03   1.170003E+00   2.790483E-02
   1.809335E+03   1.136062E+00   2.753537E-02
   1.818382E+03   1.136156E+00   2.757369E-02
   1.827474E+03   1.125281E+00   2.747768E-02
   1.836611E+03   1.091676E+00   2.710018E-02
   1.845794E+03   1.074730E+00   2.692282E-02
   1.855023E+03   1.092839E+00   2.718058E-02
   1.864298E+03   1.107694E+00   2.739735E-02
   1.873620E+03   1.083699E+00   2.713716E-02
   1.882988E+03   1.053513E+00   2.679397E-02
   1.892403E+03   1.037139E+00   2.661813E-02
   1.901865E+03   1.027773E+00   2.653358E-02
   1.911374E+03   1.052032E+00   2.687451E-02
   1.920931E+03   1.049493E+00   2.686764E-02
   1.930536E+03   1.025868E+00   2.659126E-02
   1.940188E+03   1.017344E+00   2.651406E-02
   1.949889E+03   1.018262E+00   2.656791E-02
   1.959639E+03   1.035780E+00   2.682928E-02
   1.969437E+03   1.009037E+00   2.650945E-02
   1.979284E+03   9.982812E-01   2.639755E-02
   1.989181E+03   9.964706E-01   2.640393E-02
   1.999126E+03   9.740738E-01   2.613026E-02
   2.009122E+03   9.477997E-01   2.580708E-02
   2.019168E+03   9.935650E-01   2.645192E-02
   2.029264E+03   9.609128E-01   2.605097E-02
   2.039410E+03   1.002513E+00   2.663750E-02
   2.049607E+03   9.925249E-01   2.653458E-02
   2.059855E+03   9.816520E-01   2.642064E-02
   2.070154E+03   9.816743E-01   2.644989E-02
   2.080505E+03   9.624810E-01   2.621440E-02
   2.090908E+03   9.121212E-01   2.554325E-02
   2.101362E+03   9.019228E-01   2.542682E-02
   2.111869E+03   9.225209E-01   2.574398E-02
   2.122428E+03   9.539235E-01   2.620342E-02
   2.133041E+03   9.410843E-01   2.605507E-02
   2.143706E+03   9.309717E-01   2.594442E-02
   2.154424E+03   9.426615E-01   2.613676E-02
   2.165197E+03   9.801143E-01   2.668075E-02
   2.176022E+03   9.839718E-01   2.676590E-02
   2.186903E+03   9.902536E-01   2.687918E-02
   2.197837E+03   9.822471E-01   2.679838E-02
   2.208826E+03   9.848995E-01   2.686336E-02
   2.219871E+03   9.609762E-01   2.656284E-02
   2.230970E+03   9.702331E-01   2.671565E-02
   2.242125E+03   1.008090E+00   2.725538E-02
   2.253335E+03   1.014566E+00   2.736883E-02
   2.264602E+03   1.014491E+00   2.739704E-02
   2.275925E+03   1.001372E+00   2.725282E-02
   2.287305E+03   1.010522E+00   2.740738E-02
   2.298741E+03   9.825065E-01   2.705683E-02
   2.310235E+03   9.983577E-01   2.730257E-02
   2.321786E+03   1.026875E+00   2.771056E-02
   2.333395E+03   1.003048E+00   2.740677E-02
   2.345062E+03   9.893268E-01   2.724226E-02
   2.356787E+03   9.807689E-01   2.715347E-02
   2.368571E+03   9.939862E-01   2.736747E-02
   2.380414E+03   1.025259E+00   2.782363E-02
   2.392316E+03   1.017977E+00   2.775724E-02
   2.404278E+03   1.022425E+00   2.784397E-02
   2.416299E+03   9.961444E-01   2.751350E-02
   2.428381E+03   1.006350E+00   2.768136E-02
   2.440523E+03   9.884048E-01   2.746044E-02
   2.452725E+03   9.873825E-01   2.747150E-02
   2.464989E+03   1.009032E+00   2.779490E-02
   2.477314E+03   9.985794E-01   2.767488E-02
   2.489700E+03   9.710340E-01   2.732197E-02
   2.502149E+03   9.953000E-01   2.769198E-02
   2.514660E+03   1.007415E+00   2.788618E-02
   2.527233E+03   1.010758E+00   2.795434E-02
   2.539869E+03   1.030386E+00   2.823972E-02
   2.552569E+03   1.027257E+00   2.821823E-02
   2.565332E+03   1.003539E+00   2.791885E-02
   2.578158E+03   9.876289E-01   2.772891E-02
   2.591049E+03   1.025508E+00   2.828498E-02
   2.604004E+03   1.027887E+00   2.834204E-02
   2.617024E+03   9.946091E-01   2.791070E-02
   2.630110E+03   1.010828E+00   2.816491E-02
   2.643260E+03   1.009942E+00   2.817665E-02
   2.656477E+03   9.856741E-01   2.786066E-02
   2.669759E+03   1.020729E+00   2.837772E-02
   2.683108E+03   1.044051E+00   2.872777E-02
   2.696523E+03   1.024670E+00   2.848759E-02
   2.710006E+03   1.026855E+00   2.854019E-02
   2.723556E+03   1.021631E+00   2.849017E-02
   2.737174E+03   1.031744E+00   2.865288E-02
   2.750860E+03   1.013130E+00   2.841821E-02
   2.764614E+03   1.018972E+00   2.852924E-02
   2.778437E+03   1.031650E+00   2.873309E-02
   2.792329E+03   1.021840E+00   2.862439E-02
   2.806291E+03   1.030320E+00   2.876872E-02
   2.820322E+03   1.029873E+00   2.879195E-02
   2.834424E+03   1.099912E+00   2.978222E-02
   2.848596E+03   1.103727E+00   2.986307E-02
   2.862839E+03   1.085309E+00   2.964607E-02
   2.877153E+03   1.128836E+00   3.026089E-02
   2.891539E+03   1.154952E+00   3.063325E-02
   2.905997E+03   1.189203E+00   3.111023E-02
   2.920527E+03   1.216991E+00   3.150010E-02
   2.935129E+03   1.234640E+00   3.175199E-02
   2.949805E+03   1.236106E+00   3.180062E-02
   2.964554E+03   1.258030E+00   3.211456E-02
   2.979376E+03   1.256668E+00   3.212991E-02
   2.994273E+03   1.247305E+00   3.203966E-02
   3.009245E+03   1.210216E+00   3.158914E-02
   3.024291E+03   1.186585E+00   3.130754E-02
   3.039412E+03   1.211065E+00   3.165865E-02
   3.054609E+03   1.230794E+00   3.194747E-02
   3.069882E+03   1.211630E+00   3.172803E-02
   3.085232E+03   1.176154E+00   3.128897E-02
   3.100658E+03   1.173900E+00   3.129059E-02
   3.116161E+03   1.165882E+00   3.121890E-02
   3.131742E+03   1.154298E+00   3.109286E-02
   3.147401E+03   1.127670E+00   3.076434E-02
   3.163138E+03   1.144881E+00   3.102918E-02
   3.178953E+03   1.141188E+00   3.101293E-02
   3.194848E+03   1.151781E+00   3.118939E-02
   3.210822E+03   1.127311E+00   3.088751E-02
   3.226876E+03   1.098386E+00   3.051807E-02
   3.243011E+03   1.103225E+00   3.061150E-02
   3.259226E+03   1.127780E+00   3.097615E-02
   3.275522E+03   1.120475E+00   3.091284E-02
   3.291900E+03   1.143575E+00   3.126898E-02
   3.308359E+03   1.135875E+00   3.119977E-02
   3.324901E+03   1.099949E+00   3.073500E-02
   3.341525E+03   1.079174E+00   3.047586E-02
   3.358233E+03   1.092088E+00   3.069078E-02
   3.375024E+03   1.102297E+00   3.086800E-02
   3.391899E+03   1.076237E+00   3.054124E-02
   3.408859E+03   1.081822E+00   3.065567E-02
   3.425903E+03   1.086359E+00   3.075405E-02
   3.443032E+03   1.059217E+00   3.040720E-02
   3.460247E+03   1.068562E+00   3.057929E-02
   3.477549E+03   1.097598E+00   3.102817E-02
   3.494936E+03   1.088582E+00   3.093306E-02
   3.512411E+03   1.062749E+00   3.059644E-02
   3.529973E+03   1.076583E+00   3.083139E-02
   3.547623E+03   1.060507E+00   3.063800E-02
   3.565361E+03   1.041806E+00   3.040521E-02
   3.583188E+03   1.043797E+00   3.047037E-02
   3.601104E+03   1.016936E+00   3.011295E-02
   3.619109E+03   1.036853E+00   3.045014E-02
   3.637205E+03   1.072336E+00   3.101005E-02
   3.655391E+03   1.058611E+00   3.084733E-02
   3.673668E+03   1.018168E+00   3.029284E-02
   3.692036E+03   1.032808E+00   3.054927E-02
   3.710496E+03   1.073114E+00   3.117863E-02
   3.729049E+03   1.088224E+00   3.143742E-02
   3.747694E+03   1.069278E+00   3.120349E-02
   3.766433E+03   1.054301E+00   3.102675E-02
   3.785265E+03   1.073392E+00   3.134392E-02
   3.804191E+03   1.081039E+00   3.149025E-02
   3.823212E+03   1.067544E+00   3.133048E-02
   3.842328E+03   1.045699E+00   3.105247E-02
   3.861540E+03   1.036566E+00   3.096240E-02
   3.880847E+03   1.072417E+00   3.153683E-02
   3.900252E+03   1.104404E+00   3.204430E-02
   3.919753E+03   1.069679E+00   3.157870E-02
   3.939352E+03   1.064099E+00   3.153937E-02
   3.959049E+03   1.072438E+00   3.170011E-02
   3.978844E+03   1.063683E+00   3.161071E-02
   3.998738E+03   1.060094E+00   1.256078E-01
